[page 1]
Node Load Case FX lb. FY lb. FZ lb. MX ft.lb. MY ft.lb. MZ ft.lb.
 
LOAD CASE DEFINITION KEY
CASE 4 (OPE) W+D1+T1+P1+H
CASE 5 (OPE) W+D2+T2+P2+H
CASE 6 (OPE) W+D2+T2+P2+H+F1
CASE 7 (OPE) W+D1+T1+P1+H+U1
CASE 8 (OPE) W+D1+T1+P1+H-U1
CASE 9 (OPE) W+D1+T1+P1+H+U2
CASE 10 (OPE) W+D1+T1+P1+H-U2
CASE 11 (OPE) W+D1+D4+T1+P1+H
CASE 12 (OPE) W+D1-D4+T1+P1+H
CASE 13 (OPE) W+D1+D5+T1+P1+H
CASE 14 (OPE) W+D1-D5+T1+P1+H
CASE 15 (OPE) W+D1+D4+T1+P1+H+U1
CASE 16 (OPE) W+D1-D4+T1+P1+H+U1
CASE 17 (OPE) W+D1+D4+T1+P1+H-U1
CASE 18 (OPE) W+D1-D4+T1+P1+H-U1
CASE 19 (OPE) W+D1+D5+T1+P1+H+U2
CASE 20 (OPE) W+D1-D5+T1+P1+H+U2
CASE 21 (OPE) W+D1+D5+T1+P1+H-U2
CASE 22 (OPE) W+D1-D5+T1+P1+H-U2
CASE 23 (OPE) W+D1+T1+P1+H+WIN1
CASE 24 (OPE) W+D1+T1+P1+H-WIN1
CASE 25 (SUS) W+P1+H
CASE 26 (SUS) W+P2+H
Filters Used:
Restraint MX > 1.0000
Show All Restraints
 Pump /5-MP-252 Pump /6-MP-252
Molten Salt Pump 18''
100 Rigid ANC 100 Rigid ANC 12200 Rigid ANC
 4(OPE) -916 -251 1102 2213.7 -694.8 1848.4 4(OPE) -979 -232 1097 2175.4 788.4 1903.3 4(OPE) 604 1279 1458 2702.3 2943 -1084.6
 5(OPE) -927 -334 1115 2237.4 -423.4 1870.3 5(OPE) -997 -311 1109 2199.9 879.6 1937.2 5(OPE) 625 1195 1493 2765.2 3148.6 -1122.5
 6(OPE) -927 -334 1115 2237.4 -423.4 1870.3 6(OPE) -997 -311 1109 2199.9 879.6 1937.2 6(OPE) 625 1195 1493 2765.2 3148.6 -1122.5
 7(OPE) -598 -209 1128 2266.1 1048.3 1346.7 7(OPE) -580 -184 1143 2264 4621.5 1238.3 7(OPE) 622 1266 1456 2700 3023.9 -1118
 8(OPE) -1080 -281 1131 2269.8 3488.1 2042.2 8(OPE) -1070 -271 1117 2216.9 4104.8 1948.2 8(OPE) 585 1291 1459 2704.7 2861.8 -1051.3
 9(OPE) -968 -231 1188 2251.1 -2045.3 1952.5 9(OPE) -979 -201 1195 2234 607.9 1904.1 9(OPE) 605 1276 1460 2704 2956.8 -1086.4
 10(OPE) -865 -271 1017 2176.4 639.5 1745.8 10(OPE) -979 -261 1000 2117.1 962.4 1902.6 10(OPE) 603 1282 1455 2700.7 2928.9 -1082.8
 11(OPE) -916 -251 1102 2213.7 -694.8 1848.4 11(OPE) -979 -232 1097 2175.4 788.4 1903.3 11(OPE) 604 1279 1458 2702.3 2943 -1084.6
 12(OPE) -916 -251 1102 2213.7 -694.8 1848.4 12(OPE) -979 -232 1097 2175.4 788.4 1903.3 12(OPE) 604 1279 1458 2702.3 2943 -1084.6
 13(OPE) -916 -251 1102 2213.7 -694.8 1848.4 13(OPE) -979 -232 1097 2175.4 788.4 1903.3 13(OPE) 604 1279 1458 2702.3 2943 -1084.6
 14(OPE) -916 -251 1102 2213.7 -694.8 1848.4 14(OPE) -979 -232 1097 2175.4 788.4 1903.3 14(OPE) 604 1279 1458 2702.3 2943 -1084.6
 15(OPE) -598 -209 1128 2266.1 1048.3 1346.7 15(OPE) -580 -184 1143 2264 4621.5 1238.3 15(OPE) 622 1266 1456 2700 3023.9 -1118
 16(OPE) -598 -209 1128 2266.1 1048.3 1346.7 16(OPE) -580 -184 1143 2264 4621.5 1238.3 16(OPE) 622 1266 1456 2700 3023.9 -1118
 17(OPE) -1080 -281 1131 2269.8 3488.1 2042.2 17(OPE) -1070 -271 1117 2216.9 4104.8 1948.2 17(OPE) 585 1291 1459 2704.7 2861.8 -1051.3
 18(OPE) -1080 -281 1131 2269.8 3488.1 2042.2 18(OPE) -1070 -271 1117 2216.9 4104.8 1948.2 18(OPE) 585 1291 1459 2704.7 2861.8 -1051.3
 19(OPE) -968 -231 1188 2251.1 -2045.3 1952.5 19(OPE) -979 -201 1195 2234 607.9 1904.1 19(OPE) 605 1276 1460 2704 2956.8 -1086.4
 20(OPE) -968 -231 1188 2251.1 -2045.3 1952.5 20(OPE) -979 -201 1195 2234 607.9 1904.1 20(OPE) 605 1276 1460 2704 2956.8 -1086.4
 21(OPE) -865 -271 1017 2176.4 639.5 1745.8 21(OPE) -979 -261 1000 2117.1 962.4 1902.6 21(OPE) 603 1282 1455 2700.7 2928.9 -1082.8
 22(OPE) -865 -271 1017 2176.4 639.5 1745.8 22(OPE) -979 -261 1000 2117.1 962.4 1902.6 22(OPE) 603 1282 1455 2700.7 2928.9 -1082.8
 23(OPE) -816 -243 1120 2248.2 897.7 1649.8 23(OPE) -955 -228 1099 2177.5 640.5 1855.7 23(OPE) 737 1159 1445 2680.6 3704.7 -1340.9
 24(OPE) -994 -257 1090 2188.5 -1805.8 2005 24(OPE) -976 -235 1102 2184.4 1542.5 1898 24(OPE) 463 1404 1470 2723.5 2229.7 -813.1
 25(SUS) 63 1388 -42 -87.7 93.5 -132.9 25(SUS) 48 1553 -14 -15.4 -210 -73.7 25(SUS) -52 3692 -24 -24.2 147.5 97.9
 26(SUS) 72 1355 -42 -88 419.1 -150.4 26(SUS) 49 1528 -16 -17.5 -255.9 -75.2 26(SUS) -52 3692 -24 -24.2 147.5 97.9
72 1388 1188 2269.8 3488.1 2042.2 49 1553 1195 2264 4621.5 1948.2 737 3692 1493 2765.2 3704.7 97.9
-1080 -334 -42 -88 -2045.3 -150.4 -1070 -311 -16 -17.5 -255.9 -75.2 -52 1159 -24 -24.2 147.5 -1340.9
MAX 1080 1388 1188 2269.8 3488.1 2042.2 MAX 1070 1553 1195 2264 4621.5 1948.2 MAX 737 3692 1493 2765.2 3704.7 1340.9
Ratio(reference loads) 0.99 1.12 1.01 1.00 1.32 0.95 Ratio(reference loads) 0.68 2.66 1.26 1.22 1.06 0.66
2232.65179 5502.67585 4050.07185 4813.4339
Alowable loads by 
Abener Teyma document
4521-ESP-LEW-39-62-0020 4400 10000
Alowable loads by 
Abener Teyma document
4521-ESP-LEW-39-62-0020 4400 10000
Ratio 0.50742086 0.55026758 Ratio 0.92047088 0.48134339
Tank 5-MT-252 / Nozzle 5-MT-252_N1 Tank 6-MT-252 / Nozzle 6-MT-252_N1 
Tanque 
650 Rigid ANC 650 Rigid ANC 11010 Rigid ANC
 4(OPE) -2120 -8341 2138 39874.3 6986.7 -5739.6 4(OPE) -994 -7375 947 -32989 3551.4 -9565.5 4(OPE) 952 -7524 839 -35615 -111.8 10714.8
 5(OPE) -2182 -9351 2243 62060.2 7679.2 -8419.6 5(OPE) -1019 -7958 986 -36735.1 4589.3 -11245.5 5(OPE) 977 -7736 867 -36853.4 -175.4 11175.5
 6(OPE) -2182 -9351 2243 62060.2 7679.2 -8419.6 6(OPE) -1019 -7958 986 -36735.1 4589.3 -11245.5 6(OPE) 977 -7736 867 -36853.4 -175.4 11175.5
 7(OPE) -1344 -8341 2138 40370.2 3265.8 -8147.3 7(OPE) -208 -7500 944 -33918.7 256.9 -12438.5 7(OPE) 979 -7532 839 -35671.7 -255.5 10672.5
 8(OPE) -3058 -8389 2139 39020.3 11961.3 -1819.9 8(OPE) -1780 -7243 953 -31973 7386.2 -6672.2 8(OPE) 926 -7519 839 -35574.3 33.2 10765.4
 9(OPE) -2122 -8369 2891 40798.8 4531.7 -5814.3 9(OPE) -994 -7407 1721 -30887.3 1570.9 -9669.7 9(OPE) 952 -7523 866 -35543.7 -55.5 10711.5
 10(OPE) -2119 -8313 1383 39600.4 9408.5 -5662.9 10(OPE) -994 -7351 172 -35152.3 5588.4 -9486.8 10(OPE) 952 -7525 813 -35686.4 -168.1 10718.1
 11(OPE) -2120 -8341 2138 39874.3 6986.7 -5739.6 11(OPE) -994 -7375 947 -32989 3551.4 -9565.5 11(OPE) 952 -7524 839 -35615 -111.8 10714.8
 12(OPE) -2120 -8341 2138 39874.3 6986.7 -5739.6 12(OPE) -994 -7375 947 -32989 3551.4 -9565.5 12(OPE) 952 -7524 839 -35615 -111.8 10714.8
 13(OPE) -2120 -8341 2138 39874.3 6986.7 -5739.6 13(OPE) -994 -7375 947 -32989 3551.4 -9565.5 13(OPE) 952 -7524 839 -35615 -111.8 10714.8
 14(OPE) -2120 -8341 2138 39874.3 6986.7 -5739.6 14(OPE) -994 -7375 947 -32989 3551.4 -9565.5 14(OPE) 952 -7524 839 -35615 -111.8 10714.8
 15(OPE) -1344 -8341 2138 40370.2 3265.8 -8147.3 15(OPE) -208 -7500 944 -33918.7 256.9 -12438.5 15(OPE) 979 -7532 839 -35671.7 -255.5 10672.5
 16(OPE) -1344 -8341 2138 40370.2 3265.8 -8147.3 16(OPE) -208 -7500 944 -33918.7 256.9 -12438.5 16(OPE) 979 -7532 839 -35671.7 -255.5 10672.5
 17(OPE) -3058 -8389 2139 39020.3 11961.3 -1819.9 17(OPE) -1780 -7243 953 -31973 7386.2 -6672.2 17(OPE) 926 -7519 839 -35574.3 33.2 10765.4
 18(OPE) -3058 -8389 2139 39020.3 11961.3 -1819.9 18(OPE) -1780 -7243 953 -31973 7386.2 -6672.2 18(OPE) 926 -7519 839 -35574.3 33.2 10765.4
 19(OPE) -2122 -8369 2891 40798.8 4531.7 -5814.3 19(OPE) -994 -7407 1721 -30887.3 1570.9 -9669.7 19(OPE) 952 -7523 866 -35543.7 -55.5 10711.5
 20(OPE) -2122 -8369 2891 40798.8 4531.7 -5814.3 20(OPE) -994 -7407 1721 -30887.3 1570.9 -9669.7 20(OPE) 952 -7523 866 -35543.7 -55.5 10711.5
 21(OPE) -2119 -8313 1383 39600.4 9408.5 -5662.9 21(OPE) -994 -7351 172 -35152.3 5588.4 -9486.8 21(OPE) 952 -7525 813 -35686.4 -168.1 10718.1
 22(OPE) -2119 -8313 1383 39600.4 9408.5 -5662.9 22(OPE) -994 -7351 172 -35152.3 5588.4 -9486.8 22(OPE) 952 -7525 813 -35686.4 -168.1 10718.1
 23(OPE) -2120 -8295 2129 40554.6 6857.5 -5587.3 23(OPE) -995 -7420 944 -33337.2 3808.7 -9711.2 23(OPE) 953 -7630 836 -36429.4 -206.2 11066
 24(OPE) -2121 -8383 2146 39802.7 7113.6 -5877.5 24(OPE) -994 -7347 951 -32750.6 3492 -9477.7 24(OPE) 952 -7420 842 -34828.4 12.3 10370.2
REFERENCE LOADS
REFERENCE LOADS
ACTUAL LOADS ACTUAL LOADS
ACTUAL LOADS ACTUAL LOADS

[page 2]
 25(SUS) -24 7958 -30 -22929.4 1381 25168.5 25(SUS) -4 5675 -17 49741 524.1 23299.1 25(SUS) 2 5297 -32 48359.4 -355.6 -22724.6
 26(SUS) -31 7727 21 -23073.3 1925.4 24473.8 26(SUS) -5 5486 3 48599.7 776.9 22674.1 26(SUS) 2 5297 -32 48359.4 -355.6 -22724.6
-24 7958 2891 62060.2 11961.3 25168.5 -4 5675 1721 49741 7386.2 23299.1 979 5297 867 48359.4 33.2 11175.5
-3058 -9351 -30 -23073.3 1381 -8419.6 -1780 -7958 -17 -36735.1 256.9 -12438.5 2 -7736 -32 -36853.4 -355.6 -22724.6
MAX 3058 9351 2891 62060.2 11961.3 25168.5 MAX 1780 7958 1721 49741 7386.2 23299.1 MAX 979 7736 867 48359.4 355.6 22724.6
Ratio(reference loads) 0.58 0.85 0.60 0.80 0.62 0.93 Ratio(reference loads) 0.32 0.83 0.30 0.78 0.03 0.90
Tank 5-MT-251 / Nozzle 5-MT-251_N1 Tank 6-MT-251 / Nozzle 6-MT-251_N1 
1060 Rigid ANC 13200 Rigid ANC
 4(OPE) -887 -5456 -732 24462.7 -5030.7 -8544.6 4(OPE) 767 -5310 -712 25056.2 3336 9584
 5(OPE) -1145 -8667 -832 48296 -5643.1 -18638.3 5(OPE) 1033 -7317 -1001 38093.6 3564.2 15028.8
 6(OPE) -1145 -8667 -832 48296 -5643.1 -18638.3 6(OPE) 1033 -7317 -1001 38093.6 3564.2 15028.8
 7(OPE) -234 -5663 -729 26045.2 -1330 -9771.6 7(OPE) 786 -5304 -713 25007.1 3488.1 9546.2
 8(OPE) -1540 -5329 -732 23498.2 -8367.7 -7597 8(OPE) 747 -5316 -712 25101.4 3185.2 9619.8
 9(OPE) -885 -4939 -81 21034.5 -6368.6 -6729.6 9(OPE) 767 -5303 -693 25020.7 3376.8 9561.9
 10(OPE) -888 -6124 -1379 29058.1 -3515.5 -10897.3 10(OPE) 767 -5318 -732 25096.8 3294.1 9608.5
 11(OPE) -887 -5456 -732 24462.7 -5030.7 -8544.6 11(OPE) 767 -5310 -712 25056.2 3336 9584
 12(OPE) -887 -5456 -732 24462.7 -5030.7 -8544.6 12(OPE) 767 -5310 -712 25056.2 3336 9584
 13(OPE) -887 -5456 -732 24462.7 -5030.7 -8544.6 13(OPE) 767 -5310 -712 25056.2 3336 9584
 14(OPE) -887 -5456 -732 24462.7 -5030.7 -8544.6 14(OPE) 767 -5310 -712 25056.2 3336 9584
 15(OPE) -234 -5663 -729 26045.2 -1330 -9771.6 15(OPE) 786 -5304 -713 25007.1 3488.1 9546.2
 16(OPE) -234 -5663 -729 26045.2 -1330 -9771.6 16(OPE) 786 -5304 -713 25007.1 3488.1 9546.2
 17(OPE) -1540 -5329 -732 23498.2 -8367.7 -7597 17(OPE) 747 -5316 -712 25101.4 3185.2 9619.8
 18(OPE) -1540 -5329 -732 23498.2 -8367.7 -7597 18(OPE) 747 -5316 -712 25101.4 3185.2 9619.8
 19(OPE) -885 -4939 -81 21034.5 -6368.6 -6729.6 19(OPE) 767 -5303 -693 25020.7 3376.8 9561.9
 20(OPE) -885 -4939 -81 21034.5 -6368.6 -6729.6 20(OPE) 767 -5303 -693 25020.7 3376.8 9561.9
 21(OPE) -888 -6124 -1379 29058.1 -3515.5 -10897.3 21(OPE) 767 -5318 -732 25096.8 3294.1 9608.5
 22(OPE) -888 -6124 -1379 29058.1 -3515.5 -10897.3 22(OPE) 767 -5318 -732 25096.8 3294.1 9608.5
 23(OPE) -886 -5331 -733 23512.1 -5027.3 -8105.6 23(OPE) 766 -5269 -714 24747 3458.5 9449.6
 24(OPE) -887 -5572 -731 25344.8 -5030.1 -8952 24(OPE) 769 -5349 -711 25342.4 3301.8 9705.2
 25(SUS) -13 5152 -13 -52382.5 507.7 24690.2 25(SUS) 16 4174 -31 -40178.4 -304.4 -18737.4
 26(SUS) -12 5156 -13 -52411 541.7 24703.6 26(SUS) 16 4174 -31 -40178.4 -304.4 -18737.4
-12 5156 -13 48296 541.7 24703.6 1033 4174 -31 38093.6 3564.2 15028.8
-1540 -8667 -1379 -52411 -8367.7 -18638.3 16 -7317 -1001 -40178.4 -304.4 -18737.4
MAX 1540 8667 1379 52411 8367.7 24703.6 MAX 1033 7317 1001 40178.4 3564.2 18737.4
Ratio(reference loads) 0.50 0.93 0.48 0.84 0.70 0.98 Ratio(reference loads) 0.34 0.78 0.35 0.65 0.30 0.74
Pump /5-MP-251 Pump /6-MP-251
Molten Salt Pump 18''
1310 Rigid ANC 1310 Rigid ANC 14050 Rigid ANC
 4(OPE) -774 312 -957 -1833.7 -1619.4 1493.6 4(OPE) -870 204 -946 -1814.9 -2528.3 1611.6 4(OPE) 714 -1643 -1027 -1977.4 2530.7 -1311.5
 5(OPE) -981 -40 -1143 -2189.2 -1432.9 1895.4 5(OPE) -1099 -251 -1175 -2259.9 -3018.4 2023.4 5(OPE) 1064 -3138 -1504 -2883 3026.8 -1956.8
 6(OPE) -981 -40 -1143 -2189.2 -1432.9 1895.4 6(OPE) -1099 -251 -1175 -2259.9 -3018.4 2023.4 6(OPE) 1064 -3138 -1504 -2883 3026.8 -1956.8
 7(OPE) -595 321 -976 -1869.2 -2801.6 1280.8 7(OPE) -1099 -251 -1175 -2259.9 -3018.4 2023.4 7(OPE) 718 -1643 -1027 -1976.6 2495 -1315.1
 8(OPE) -899 321 -937 -1795.5 -384.3 1604.9 8(OPE) -710 152 -977 -1873.1 -4346.5 1433.1 8(OPE) 711 -1642 -1028 -1978.3 2566.5 -1307.9
 9(OPE) -793 278 -793 -1647.8 -569.3 1530.8 9(OPE) -1043 221 -919 -1761.8 -510.6 1815.3 9(OPE) 715 -1639 -1024 -1974.3 2501 -1312.2
 10(OPE) -764 386 -1076 -1933.1 -2507.1 1474.6 10(OPE) -890 359 -829 -1719.8 -1359.2 1652.1 10(OPE) 714 -1646 -1031 -1980.6 2560.3 -1310.8
 11(OPE) -774 312 -957 -1833.7 -1619.4 1493.6 11(OPE) -849 -44 -1068 -1917 -3728 1569 11(OPE) 714 -1643 -1027 -1977.4 2530.7 -1311.5
 12(OPE) -774 312 -957 -1833.7 -1619.4 1493.6 12(OPE) -870 204 -946 -1814.9 -2528.3 1611.6 12(OPE) 714 -1643 -1027 -1977.4 2530.7 -1311.5
 13(OPE) -774 312 -957 -1833.7 -1619.4 1493.6 13(OPE) -870 204 -946 -1814.9 -2528.3 1611.6 13(OPE) 714 -1643 -1027 -1977.4 2530.7 -1311.5
 14(OPE) -774 312 -957 -1833.7 -1619.4 1493.6 14(OPE) -870 204 -946 -1814.9 -2528.3 1611.6 14(OPE) 714 -1643 -1027 -1977.4 2530.7 -1311.5
 15(OPE) -595 321 -976 -1869.2 -2801.6 1280.8 15(OPE) -870 204 -946 -1814.9 -2528.3 1611.6 15(OPE) 718 -1643 -1027 -1976.6 2495 -1315.1
 16(OPE) -595 321 -976 -1869.2 -2801.6 1280.8 16(OPE) -710 152 -977 -1873.1 -4346.5 1433.1 16(OPE) 718 -1643 -1027 -1976.6 2495 -1315.1
 17(OPE) -899 321 -937 -1795.5 -384.3 1604.9 17(OPE) -710 152 -977 -1873.1 -4346.5 1433.1 17(OPE) 711 -1642 -1028 -1978.3 2566.5 -1307.9
 18(OPE) -899 321 -937 -1795.5 -384.3 1604.9 18(OPE) -1043 221 -919 -1761.8 -510.6 1815.3 18(OPE) 711 -1642 -1028 -1978.3 2566.5 -1307.9
 19(OPE) -793 278 -793 -1647.8 -569.3 1530.8 19(OPE) -1043 221 -919 -1761.8 -510.6 1815.3 19(OPE) 715 -1639 -1024 -1974.3 2501 -1312.2
 20(OPE) -793 278 -793 -1647.8 -569.3 1530.8 20(OPE) -890 359 -829 -1719.8 -1359.2 1652.1 20(OPE) 715 -1639 -1024 -1974.3 2501 -1312.2
 21(OPE) -764 386 -1076 -1933.1 -2507.1 1474.6 21(OPE) -890 359 -829 -1719.8 -1359.2 1652.1 21(OPE) 714 -1646 -1031 -1980.6 2560.3 -1310.8
 22(OPE) -764 386 -1076 -1933.1 -2507.1 1474.6 22(OPE) -849 -44 -1068 -1917 -3728 1569 22(OPE) 714 -1646 -1031 -1980.6 2560.3 -1310.8
 23(OPE) -739 328 -881 -1712.6 -1862.5 1452.7 23(OPE) -849 -44 -1068 -1917 -3728 1569 23(OPE) 729 -1600 -1015 -1954.3 1791.6 -1341.6
 24(OPE) -809 334 -986 -1862.2 -1415.2 1535.3 24(OPE) -862 256 -947 -1817 -2670.7 1596.3 24(OPE) 699 -1688 -1040 -2000.8 3270.8 -1281.4
 25(SUS) 22 2284 41 84.7 243.1 -50 25(SUS) -878 156 -945 -1812.7 -2385.1 1626.9 25(SUS) -31 1766 34 44.4 -42.7 41.1
 26(SUS) 21 2281 33 70.4 211.3 -49.2 26(SUS) 31 2305 37 50.5 149.6 -37.4 26(SUS) -31 1766 34 44.4 -42.7 41.1
22 2284 41 84.7 243.1 1895.4 31 2305 37 50.5 149.6 2023.4 1064 1766 34 44.4 3270.8 41.1
-981 -40 -1143 -2189.2 -2801.6 -50 -1099 -251 -1175 -2259.9 -4346.5 -37.4 -31 -3138 -1504 -2883 -42.7 -1956.8
MAX 981 2284 1143 2189.2 2801.6 1895.4 MAX 1099 2305 1175 2259.9 4346.5 2023.4 MAX 1064 3138 1504 2883 3270.8 1956.8
Ratio(reference loads) 1.12 1.01 1.03 1.03 1.55 1.07 Ratio(reference loads) 1.08 1.37 1.32 1.32 1.17 1.03
2810.95197 5300.31677 3638.83993 4779.0049
Alowable loads by 
Abener Teyma document
4521-ESP-LEW-39-62-0020 4400 10000
Alowable loads by 
Abener Teyma document
4521-ESP-LEW-39-62-0020 4400 10000
Ratio 0.63885272 0.53003168 Ratio 0.82700907 0.47790049
Pump/5-MP-257 Pump /6-MP-257
Molten Salt Pump 8''
2400 Rigid ANC 2400 Rigid ANC 14850 Rigid ANC
 4(OPE) -89 -538 53 82.5 -79.2 139.1 4(OPE) -97 -523 55 83.3 -159.3 137.8 4(OPE) 98 -620 59 113.1 90.2 -182.1
 5(OPE) -100 -557 56 86 -141.7 155.8 5(OPE) -99 -533 57 85.4 -166.9 141.4 5(OPE) 99 -642 61 116.9 88.7 -184.6
 6(OPE) -100 -557 56 86 -141.7 155.8 6(OPE) -99 -533 57 85.4 -166.9 141.4 6(OPE) 99 -642 61 116.9 88.7 -184.6
 7(OPE) -76 -540 54 83.4 -97 129.3 7(OPE) -84 -523 57 85.9 -44.7 128.3 7(OPE) 101 -619 59 113.3 89.5 -184.6
 8(OPE) -104 -541 47 72.6 -333.5 152.8 8(OPE) -110 -523 51 76.6 -369.3 149 8(OPE) 95 -620 59 113.8 78.6 -179.1
 9(OPE) -88 -540 65 91 -26.9 137.6 9(OPE) -96 -523 66 91.2 -88.8 137.3 9(OPE) 97 -620 62 117.1 61.1 -181.2
 10(OPE) -96 -543 32 58.3 -505.5 149.8 10(OPE) -101 -524 35 61.6 -504.4 144.5 10(OPE) 98 -620 56 109.8 109.5 -182.6
 11(OPE) -89 -538 53 82.5 -79.2 139.1 11(OPE) -97 -523 55 83.3 -159.3 137.8 11(OPE) 98 -620 59 113.1 90.2 -182.1
 12(OPE) -89 -538 53 82.5 -79.2 139.1 12(OPE) -97 -523 55 83.3 -159.3 137.8 12(OPE) 98 -620 59 113.1 90.2 -182.1
 13(OPE) -89 -538 53 82.5 -79.2 139.1 13(OPE) -97 -523 55 83.3 -159.3 137.8 13(OPE) 98 -620 59 113.1 90.2 -182.1
 14(OPE) -89 -538 53 82.5 -79.2 139.1 14(OPE) -97 -523 55 83.3 -159.3 137.8 14(OPE) 98 -620 59 113.1 90.2 -182.1
REFERENCE LOADS
REFERENCE LOADS ACTUAL LOADS ACTUAL LOADS
ACTUAL LOADS ACTUAL LOADS
ACTUAL LOADS ACTUAL LOADS

[page 3]
 15(OPE) -76 -540 54 83.4 -97 129.3 15(OPE) -84 -523 57 85.9 -44.7 128.3 15(OPE) 101 -619 59 113.3 89.5 -184.6
 16(OPE) -76 -540 54 83.4 -97 129.3 16(OPE) -84 -523 57 85.9 -44.7 128.3 16(OPE) 101 -619 59 113.3 89.5 -184.6
 17(OPE) -104 -541 47 72.6 -333.5 152.8 17(OPE) -110 -523 51 76.6 -369.3 149 17(OPE) 95 -620 59 113.8 78.6 -179.1
 18(OPE) -104 -541 47 72.6 -333.5 152.8 18(OPE) -110 -523 51 76.6 -369.3 149 18(OPE) 95 -620 59 113.8 78.6 -179.1
 19(OPE) -88 -540 65 91 -26.9 137.6 19(OPE) -96 -523 66 91.2 -88.8 137.3 19(OPE) 97 -620 62 117.1 61.1 -181.2
 20(OPE) -88 -540 65 91 -26.9 137.6 20(OPE) -96 -523 66 91.2 -88.8 137.3 20(OPE) 97 -620 62 117.1 61.1 -181.2
 21(OPE) -96 -543 32 58.3 -505.5 149.8 21(OPE) -101 -524 35 61.6 -504.4 144.5 21(OPE) 98 -620 56 109.8 109.5 -182.6
 22(OPE) -96 -543 32 58.3 -505.5 149.8 22(OPE) -101 -524 35 61.6 -504.4 144.5 22(OPE) 98 -620 56 109.8 109.5 -182.6
 23(OPE) -86 -538 54 84.3 -55.8 135.3 23(OPE) -95 -521 56 85.4 -73 136 23(OPE) 95 -614 65 124.8 -84.2 -177.2
 24(OPE) -95 -543 44 68.3 -418.6 148.3 24(OPE) -100 -525 49 74 -390 142.9 24(OPE) 98 -622 57 109 161.5 -182.8
 25(SUS) -5 777 -2 -2.7 -148.4 8.6 25(SUS) -2 792 -1 -3.1 -88.8 2.7 25(SUS) 2 -37 3 3.8 -10.3 -2.2
 26(SUS) -6 776 -3 -4 -171.8 9.3 26(SUS) -2 792 -2 -3.3 -90.7 2.7 26(SUS) 2 -37 3 3.8 -10.3 -2.2
-5 777 65 91 -26.9 155.8 -2 792 66 91.2 -44.7 149 101 -37 65 124.8 161.5 -2.2
-104 -557 -3 -4 -505.5 8.6 -110 -533 -2 -3.3 -504.4 2.7 2 -642 3 3.8 -84.2 -184.6
MAX 104 777 65 91 505.5 155.8 MAX 110 792 66 91.2 504.4 149 MAX 101 642 65 124.8 161.5 184.6
Ratio(reference loads) 1.06 1.02 1.02 1.00 1.00 0.96 Ratio(reference loads) 0.97 0.83 1.00 1.37 0.32 1.18
802.321631 533.795654 653.138576 275.198928
Alowable loads by 
Abener Teyma document
4521-ESP-LEW-39-62-0021 1010 2310
Alowable loads by 
Abener Teyma document
4521-ESP-LEW-39-62-0021 1010 2310
Ratio 0.79437785 0.23108037 Ratio 0.64667186 0.11913374

[page 4]
Node Load Case FX lb. FY lb. FZ lb. MX ft.lb. MY ft.lb. MZ ft.lb.
 
LOAD CASE DEFINITION KEY
CASE 4 (OPE) W+D1+T1+P1+H
CASE 5 (OPE) W+D2+T2+P2+H
CASE 6 (OPE) W+D2+T2+P2+H+F1
CASE 7 (OPE) W+D1+T1+P1+H+U1
CASE 8 (OPE) W+D1+T1+P1+H-U1
CASE 9 (OPE) W+D1+T1+P1+H+U2
CASE 10 (OPE) W+D1+T1+P1+H-U2
CASE 11 (OPE) W+D1+D4+T1+P1+H
CASE 12 (OPE) W+D1-D4+T1+P1+H
CASE 13 (OPE) W+D1+D5+T1+P1+H
CASE 14 (OPE) W+D1-D5+T1+P1+H
CASE 15 (OPE) W+D1+D4+T1+P1+H+U1
CASE 16 (OPE) W+D1-D4+T1+P1+H+U1
CASE 17 (OPE) W+D1+D4+T1+P1+H-U1
CASE 18 (OPE) W+D1-D4+T1+P1+H-U1
CASE 19 (OPE) W+D1+D5+T1+P1+H+U2
CASE 20 (OPE) W+D1-D5+T1+P1+H+U2
CASE 21 (OPE) W+D1+D5+T1+P1+H-U2
CASE 22 (OPE) W+D1-D5+T1+P1+H-U2
CASE 23 (OPE) W+D1+T1+P1+H+WIN1
CASE 24 (OPE) W+D1+T1+P1+H-WIN1
CASE 25 (SUS) W+P1+H
CASE 26 (SUS) W+P2+H
Filters Used:
Restraint MX > 1.0000
Show All Restraints
 Pump /5-MP-252 Pump /6-MP-252
Bomba 18''
100 Rigid ANC 100 Rigid ANC 12200 Rigid ANC
 4(OPE) -916 -251 1102 2213.7 -694.8 1848.4 4(OPE) -979 -217 1110 2195 727.5 1904.3 4(OPE) 516 1310 1373 2539.2 846.8 -920.1
 5(OPE) -927 -334 1115 2237.4 -423.4 1870.3 5(OPE) -865 -220 1077 2125.7 2398.1 1678.4 5(OPE) 624 1215 1495 2767.7 3139.4 -1120.9
-916 -251 1115 2237.4 -423.4 1870.3 -865 -217 1110 2195 2398.1 1904.3 516 1310 1373 2539.2 846.8 -920.1
-927 -334 1102 2213.7 -694.8 1848.4 -979 -220 1077 2125.7 727.5 1678.4 516 1310 1373 2539.2 846.8 -920.1
MAX 927 334 1115 2237.4 694.8 1870.3 MAX 979 220 1110 2195 2398.1 1904.3 MAX 516 1310 1373 2539.2 846.8 920.1
Ratio(reference loads) 1.06 0.66 1.00 0.98 3.45 1.02 Ratio(reference loads) 0.56 3.92 1.23 1.13 1.22 0.49
1496.30913 3767.66069 1966.59223 2830.40472
Alowable loads by 
Abener Teyma document
4521-ESP-LEW-39-62-0020 4400 10000
Alowable loads by 
Abener Teyma document
4521-ESP-LEW-39-62-0020 4400 10000
Ratio 0.34007026 0.37676607 Ratio 0.44695278 0.28304047
Tank 5-MT-252 / Nozzle 5-MT-252_N1 Tank 6-MT-252 / Nozzle 6-MT-252_N1 
Tanque 
650 Rigid ANC 650 Rigid ANC 11010 Rigid ANC
 4(OPE) 3058 9351 2891 62060.2 11961.3 25168.5 4(OPE) -1001 -7407 908 -32166.6 3563 -8919.9 4(OPE) 838 -7564 834 -34008 423.4 11120.1
 5(OPE) -2182 -9351 2243 -43890.1 7679.2 -8419.6 5(OPE) -889 -7556 940 -32880 5038.4 -10579.6 5(OPE) 979 -8001 819 -37368.7 -346.5 11138.8
3058 9351 2891 62060.2 11961.3 25168.5 -889 -7407 940 -32166.6 5038.4 -8919.9 979 -7564 834 -34008 423.4 11138.8
-2182 -9351 2243 -43890.1 7679.2 -8419.6 -1001 -7556 908 -32880 3563 -10579.6 838 -8001 819 -37368.7 -346.5 11120.1
MAX 3058 9351 2891 62060.2 11961.3 25168.5 MAX 1001 7556 940 32880 5038.4 10579.6 MAX 979 8001 834 37368.7 423.4 11138.8
Ratio(reference loads) 0.33 0.81 0.33 0.53 0.42 0.42 Ratio(reference loads) 0.32 0.86 0.29 0.60 0.04 0.44
Tank 5-MT-251 / Nozzle 5-MT-251_N1 Tank 6-MT-251 / Nozzle 6-MT-251_N1 
Tanque
1060 Rigid ANC 1060 Rigid ANC 13200 Rigid ANC
 4(OPE) 3058 9351 2891 62060.2 11961.3 25168.5 4(OPE) -1011 -6084 -751 31400.7 -5234.2 -11319.8 4(OPE) 733 -5376 -696 24066.4 3325.8 9235.6
 5(OPE) -2266 -5228 -2000 62060.2 -7454.1 -21929.8 5(OPE) -993 -8279 -797 47644.1 -5125.3 -19094.7 5(OPE) 1030 -7238 -1004 36049.8 3759.9 14087
3058 9351 2891 62060.2 11961.3 25168.5 -993 -6084 -751 47644.1 -5125.3 -11319.8 1030 -5376 -696 36049.8 3759.9 14087
-2266 -5228 -2000 62060.2 -7454.1 -21929.8 -1011 -8279 -797 31400.7 -5234.2 -19094.7 733 -7238 -1004 24066.4 3325.8 9235.6
MAX 3058 9351 2891 62060.2 11961.3 25168.5 MAX 1011 8279 797 47644.1 5234.2 19094.7 MAX 1030 7238 1004 36049.8 3759.9 14087
Ratio(reference loads) 0.33 0.89 0.28 0.77 0.44 0.76 Ratio(reference loads) 0.34 0.77 0.35 0.58 0.31 0.56
Pump /5-MP-251 Pump /6-MP-251
Bomba 18''
1310 Rigid ANC 1310 Rigid ANC 14050 Rigid ANC
 4(OPE) -774 312 -957 -1833.7 -1619.4 1493.6 4(OPE) -980 -440 -1125 -2156.3 -2656.3 1808.6 4(OPE) 696 -1765 -1013 -1945.7 2683 -1277.2
 5(OPE) -981 -40 -1143 -2189.2 -1432.9 1895.4 5(OPE) -975 -349 -980 -1883.3 -2963.8 1798.2 5(OPE) 1057 -2999 -1500 -2876.8 3067 -1945.5
-774 312 -957 -1833.7 -1432.9 1895.4 -975 -349 -980 -1883.3 -2656.3 1808.6 1057 -1765 -1013 -1945.7 3067 -1277.2
-981 -40 -1143 -2189.2 -1619.4 1493.6 -980 -440 -1125 -2156.3 -2963.8 1798.2 696 -2999 -1500 -2876.8 2683 -1945.5
MAX 981 312 1143 2189.2 1619.4 1895.4 MAX 980 440 1125 2156.3 2963.8 1808.6 MAX 1057 2999 1500 2876.8 3067 1945.5
Ratio(reference loads) 1.00 1.41 0.98 0.98 1.83 0.95 Ratio(reference loads) 1.08 9.61 1.31 1.31 1.89 1.03
1555.51438 4087.14743 3515.85694 4633.29661
Alowable loads by 
Abener Teyma document
4521-ESP-LEW-39-62-0020 4400 10000
Alowable loads by 
Abener Teyma document
4521-ESP-LEW-39-62-0020 4400 10000
Ratio 0.353526 0.40871474 Ratio 0.79905839 0.46332966
Pump/5-MP-257 Pump /6-MP-257
Bomba 8''
2400 Rigid ANC 2400 Rigid ANC 14850 Rigid ANC
 4(OPE) -89 -538 53 82.5 -79.2 139.1 4(OPE) -97 -523 55 83.5 -162.5 138.6 4(OPE) 89 -629 57 109.2 66.2 -165.7
 5(OPE) -100 -557 56 86 -141.7 155.8 5(OPE) -91 -541 54 81.2 -155.7 129 5(OPE) 99 -646 61 117.1 85.3 -184.5
-89 -538 56 86 -79.2 155.8 -91 -523 55 83.5 -155.7 138.6 99 -629 61 117.1 85.3 -165.7
-100 -557 53 82.5 -141.7 139.1 -97 -541 54 81.2 -162.5 129 89 -646 57 109.2 66.2 -184.5
MAX 100 557 56 86 141.7 155.8 MAX 97 541 55 83.5 162.5 138.6 MAX 99 646 61 117.1 85.3 184.5
Ratio(reference loads) 0.97 0.97 0.98 0.97 1.15 0.89 Ratio(reference loads) 0.99 1.16 1.09 1.36 0.60 1.18
552.372157 229.321739 656.38251 234.582075
Alowable loads by 
Abener Teyma document
4521-ESP-LEW-39-62-0021 1010 2310
Alowable loads by 
Abener Teyma document
4521-ESP-LEW-39-62-0021 1010 2310
Ratio 0.54690313 0.09927348 Ratio 0.64988367 0.10155068
ACTUAL LOADS ACTUAL LOADSREFERENCE LOADS
REFERENCE LOADS
ACTUAL LOADS ACTUAL LOADSREFERENCE LOADS
REFERENCE LOADS
REFERENCE LOADS
ACTUAL LOADS ACTUAL LOADS
ACTUAL LOADS ACTUAL LOADS
ACTUAL LOADS ACTUAL LOADS
